1.8804 0.0
1.882 12.0
1.884 94.0
1.885 146.0
1.886 171.0
1.887 190.0
1.890 207.0
1.892 221.0
1.896 237.0
1.902 248.0
1.921 265.0
1.932 270.0
1.945 269.0
1.957 271.0
1.970 271.0
1.981 270.0
1.988 271.0
2.001 268.0
2.015 271.0
2.027 271.0
2.037 280.0
2.052 281.0
2.068 288.0
2.081 295.0
2.103 312.0
2.127 342.0
2.147 378.0
2.163 389.0
2.178 433.0
2.192 453.0
2.193 463.0
2.204 501.0
2.218 534.0
2.233 559.0
2.247 579.0
2.261 574.0
2.277 570.0
2.287 533.0
2.305 515.0
2.319 483.0
2.335 465.0
2.362 415.0
2.375 393.0
2.387 378.0
2.392 386.0
2.405 363.0
2.420 350.0
2.450 340.0
2.594 292.0
2.808 287.0