1.8804 0.0
1.882 12.0
1.884 94.0
1.885 146.0
1.886 171.0
1.887 190.0
1.890 207.0
1.892 221.0
1.896 237.0
1.902 248.0
1.921 265.0
1.932 270.0
1.945 269.0
1.957 271.0
1.970 271.0
1.981 270.0
1.988 271.0
2.001 268.0
2.015 271.0
2.027 271.0
2.037 280.0
2.052 281.0
2.068 288.0
2.081 295.0
2.103 312.0
2.1075	321.7
2.12	334.7
2.1325	352.6
2.1451	368.3
2.1577	393.1
2.1703	419.3
2.1829	453.3
2.1956	483.2
2.2084	514
2.2211	542.7
2.2339	565.7
2.2468	576.4
2.2597	578.1
2.2726	570.4
2.2855	545.6
2.2985	525.6
2.3115	498.5
2.3246	470.2
2.3246	476.2
2.3377	451.8
2.3508	430.7
2.364	409.9
2.3772	394
2.3905	379.9
2.4037	369.2
2.4171	360.6
2.4304	348.9
2.4438	340.6
2.4572	335
2.4707	325.1
2.4842	322.7
2.4977	319.5
2.5113	313.5
2.5249	311.3
2.5386	304.5
2.5523	303
2.566	302.9
2.5797	300.2
2.5935	298.9
2.5935	299.4
2.6108	295.8
2.6282	293.3
2.6456	292
2.6631	291.5
2.6806	289
2.6982	290.1
2.7158	289.6
