1.8804 0.00
1.8808 0.25
1.8834 34.40
1.8863 108.30
1.8893 176.60
1.8922 219.10
1.8981 261.60
1.9011 272.80
1.9040 280.80
1.9070 284.20
1.9367 281.90
1.9427 281.70
1.9487 279.50
1.9727 273.40
1.9848 274.60
1.9969 274.80
2.0091 274.70
2.0212 278.30
2.0335 280.50
2.0580 288.20
2.0642 292.50
2.0827 302.20
2.0889 306.60
2.0951 312.80
2.1013 316.20
2.1075 321.70
2.1200 334.70
2.1325 352.60
2.1451 368.30
2.1577 393.10
2.1703 419.30
2.1829 453.30
2.2084 514.00
2.2211 542.70
2.2339 565.70
2.2468 576.40
2.2597 578.10
2.2726 570.40
2.2855 545.60
2.2985 525.60
2.3246 470.20
2.3377 451.80
2.3500 430.20
2.3800 405.80
2.4200 370.80
2.4400 352.60
2.4600 342.20
2.4900 329.60
2.5000 324.80
2.5200 317.90
2.5300 315.40
2.5400 311.80
2.5600 307.30
2.5800 303.50
2.6000 299.30
2.6300 293.30
2.6400 292.50
2.7000 283.80
2.7100 281.50
2.7200 280.20
2.7300 276.90
2.7500 275.20
2.7700 271.00
2.8600 265.90
2.9300 260.90
3.0000 254.80
