1.8804 0.00
1.88083 0.25
1.88340 34.40
1.88630 108.30
1.88930 176.60
1.89220 219.10
1.89810 261.60
1.90110 272.80
1.90400 280.80
1.90700 284.20
1.93670 281.90
1.94270 281.70
1.94870 279.50
1.97270 273.40
1.98480 274.60
1.99690 274.80
2.00910 274.70
2.02120 278.30
2.03350 280.50
2.05800 288.20
2.06420 292.50
2.08270 302.20
2.08890 306.60
2.09510 312.80
2.10130 316.20
2.10750 321.70
2.12000 334.70
2.13250 352.60
2.14510 368.30
2.15770 393.10
2.17030 419.30
2.18290 453.30
2.20840 514.00
2.22110 542.70
2.23390 565.70
2.24680 576.40
2.25970 578.11
2.27260 571.90
2.28550 548.81
2.29850 530.11
2.32460 475.57
2.33770 458.03
2.35000 437.09
2.38000 413.99
2.42000 380.50
2.44000 364.25
2.46000 355.37
2.49000 343.85
2.50000 341.65
2.52000 336.90
2.53000 336.13
2.54000 335.97
2.56000 332.78
2.58000 331.36
2.60000 328.67
2.63000 324.17
2.64000 325.11
2.70000 318.76
2.71000 319.27
2.72000 320.56
2.73000 318.78
2.75000 320.51
2.77000 318.05
2.86000 316.17
2.93000 313.12
3.00000 308.54
